----------------------------------------------------------------
             123   SortR  SortRQ Schrage   Potts    C100 Carlier
data:1     25994   14239   13862   13981   13862   13862   13862
data:2     33465   33465   21176   21529   21480   20924   20917
data:3     57403   40042   33424   31683   31346   31465   31343
data:4     51444   39616   33878   34444   33901   33878   33878
----------------------------------------------------------------
suma:     168306  127362  102340  101637  100589  100129  100000


ocena        2.5     3.0     3.5     4.0     4.5     5.0     5.5
----------------------------------------------------------------
suma:     168306  127362  103378  100926  100381  100010  100000

ocena  [suma od - suma do]
5.5 -  [ 100000 - 100000 ]
5.0 -  [ 100001 - 100010 ]
4.5 -  [ 100011 - 100381 ]
4.0 -  [ 100382 - 100926 ]
3.5 -  [ 100927 - 103378 ]
3.0 -  [ 103379 - 127362 ]
2.5 -  [ 127363 - 168306 ]

data.1
24
8354 1 5507
8455 696 512
2900 435 8619
6176 424 3688
586 971 76
7751 134 5877
7935 516 3017
5957 266 5540
68 275 4040
1688 308 2907
436 171 2963
5683 412 6456
3066 14 3960
5104 792 5696
8200 258 1170
8731 726 3081
5017 912 5131
84 124 3846
8355 473 1100
1541 306 6302
1808 20 5363
114 874 5494
3815 472 759
2734 482 7478

data.2
24
0 831 0
0 867 0
0 814 0
0 915 0
0 947 0
0 997 0
0 826 0
0 966 0
0 946 0
0 871 0
0 894 0
0 989 0
0 910 0
0 851 0
0 852 0
0 931 0
0 863 0
0 822 0
0 982 0
0 926 0
0 993 0
0 945 0
0 978 0
8368 1 12548

data.3
48
15808 838 11659
11731 470 14049
8933 177 8647
15165 472 4137
10164 732 13213
9520 768 2848
13481 895 11629
16681 524 13649
237 811 15392
360 890 1967
15796 746 13667
2136 278 16456
8538 901 4775
6024 810 11081
2585 401 828
7363 446 10186
10646 283 2371
12951 89 4913
5838 890 14786
14342 581 4353
9183 755 15985
1779 78 17029
14311 915 15371
16625 631 13507
4447 820 6351
3713 602 13893
14087 80 10919
8794 339 8833
1340 950 8731
796 225 6267
7073 475 16773
9661 910 6338
2954 862 14425
10270 529 9684
2394 869 12045
4633 55 2210
6519 455 1497
10455 200 12583
10056 886 6003
13293 476 16248
10386 275 16512
982 51 579
7028 674 3541
468 446 887
13872 375 16660
10637 324 11792
2168 347 1592
849 550 5221

data.4
48
11677 544 2607
8548 616 5612
16383 259 3807
9028 124 14310
16337 642 10526
5655 873 13648
2756 162 7089
2365 527 3206
10868 836 2817
6086 300 8692
16651 875 1550
2356 542 15443
9581 970 17113
14007 898 14057
4695 720 14801
7391 387 4611
1180 321 7311
16868 922 16055
899 136 9421
1255 630 5519
1363 166 17011
11196 604 5447
3298 743 9029
4336 274 11206
2225 611 8642
7696 421 7240
5801 512 7569
7739 577 2521
2318 959 3608
9952 280 14196
7748 592 873
6242 642 5133
11292 481 14653
16817 259 15829
12313 191 3968
8414 16 13600
502 350 17206
16484 25 1261
15749 289 14335
16075 309 8495
2117 626 12438
9434 99 2360
5618 426 10292
15660 303 6816
1021 121 7862
7004 857 12068
9750 768 13436
5673 203 9138

total time: 00:00:01.739